#Layer_Color=16711935
#
#Feature symbol names
#
$0 r3.937
$1 rect114.9606x29.6006

#
#Feature attribute names
#

#
#Layer features
#
A 1.031496 1.5728346 1.031496 1.5728346 1.011811 1.5728346 0 P 0 N
L 0.7644882 2.1895039 0.7644882 2.3135196 0 P 0
L 0.7644882 2.1895039 0.9150787 2.1895039 0 P 0
L 0.7644882 2.3135196 0.9150787 2.3135196 0 P 0
L 0.8064173 2.0046615 0.8064173 2.122378 0 P 0
L 0.8064173 2.0046615 0.8721653 2.0046615 0 P 0
L 0.8064173 2.122378 0.8721653 2.122378 0 P 0
L 0.8721653 2.0046615 0.8721653 2.122378 0 P 0
L 0.9150787 2.1895039 0.9150787 2.3135196 0 P 0
L 0.9744095 1.488189 0.9744095 1.6102362 0 P 0
L 0.9744095 1.488189 1.9783465 1.488189 0 P 0
L 0.9744095 1.6102362 1.9783465 1.6102362 0 P 0
L 1.0054331 1.8277008 1.0054331 2.0477795 0 P 0
L 1.0054331 1.8277008 1.1203937 1.8277008 0 P 0
L 1.0054331 2.0477795 1.1203937 2.0477795 0 P 0
L 1.1203937 1.8277008 1.1203937 2.0477795 0 P 0
L 1.9783465 1.488189 1.9783465 1.6102362 0 P 0
L 2.1257479 1.2592283 2.1257479 1.2956059 0 P 0
L 2.1257479 1.2592283 2.1292125 1.2557643 0 P 0
L 2.1257479 1.2956059 2.1292125 1.2990705 0 P 0
L 2.1292125 1.2557643 2.6340988 1.2557643 0 P 0
L 2.1292125 1.2990715 2.6340988 1.2990715 0 P 0
L 2.165118 1.3541899 2.165118 1.5195435 0 P 0
L 2.165118 1.3541899 2.1828345 1.3541899 0 P 0
L 2.165118 1.5195433 2.5981888 1.5195433 0 P 0
L 2.1828345 1.2990715 2.1828345 1.3541899 0 P 0
L 2.5804764 1.2990715 2.5804764 1.3541899 0 P 0
L 2.5804764 1.3541899 2.5981899 1.3541899 0 P 0
L 2.5981899 1.3541899 2.5981899 1.5195435 0 P 0
L 2.6340988 1.2557643 2.6375612 1.2592267 0 P 0
L 2.6340988 1.2990683 2.6375612 1.2956059 0 P 0
L 2.6375612 1.2592283 2.6375612 1.2956059 0 P 0
L 2.9089765 0.9807089 2.9089765 1.2051183 0 P 0
L 2.9089765 0.9807089 3.0625199 0.9807089 0 P 0
L 2.9089765 1.2051183 3.0625199 1.2051183 0 P 0
L 3.0625199 0.9807089 3.0625199 1.2051183 0 P 0
L 4.0987637 0.6870079 4.0987637 0.8110236 0 P 0
L 4.0987637 0.6870079 4.2493542 0.6870079 0 P 0
L 4.0987637 0.8110236 4.2493542 0.8110236 0 P 0
L 4.1076692 0.4678819 4.1076692 0.5092204 0 P 0
L 4.1076692 0.4678819 4.1293227 0.4678819 0 P 0
L 4.1076692 0.5092204 4.1293227 0.5092204 0 P 0
L 4.1293227 0.4678819 4.1293227 0.5092204 0 P 0
L 4.1847638 0.4419765 4.1847638 0.483315 0 P 0
L 4.1847638 0.4419765 4.2064173 0.4419765 0 P 0
L 4.1847638 0.483315 4.2064173 0.483315 0 P 0
L 4.2064173 0.4419765 4.2064173 0.483315 0 P 0
L 4.2493542 0.6870079 4.2493542 0.8110236 0 P 0
P 1.0629111 1.8425189 1 P 0 0
