#Layer_Color=32896
#
#Feature symbol names
#
$0 r3.937

#
#Feature attribute names
#

#
#Layer features
#
L 0.7792519 1.7698189 0.7792519 1.832811 0 P 0
L 0.7792519 1.7698189 0.8048425 1.7698189 0 P 0
L 0.7792519 1.832811 0.8048425 1.832811 0 P 0
L 0.8048425 1.7698189 0.8048425 1.832811 0 P 0
L 0.8737401 1.7698189 0.8737401 1.832811 0 P 0
L 0.8737401 1.7698189 0.8993307 1.7698189 0 P 0
L 0.8737401 1.832811 0.8993307 1.832811 0 P 0
L 0.8993307 1.7698189 0.8993307 1.832811 0 P 0
L 1.1082678 1.7551023 1.1082678 1.7806929 0 P 0
L 1.1082678 1.7551023 1.1712599 1.7551023 0 P 0
L 1.1082678 1.7806929 1.1712599 1.7806929 0 P 0
L 1.1712599 1.7551023 1.1712599 1.7806929 0 P 0
L 2.4872047 2.2688189 2.4872047 2.331811 0 P 0
L 2.4872047 2.2688189 2.5127953 2.2688189 0 P 0
L 2.4872047 2.331811 2.5127953 2.331811 0 P 0
L 2.5127953 2.2688189 2.5127953 2.331811 0 P 0
L 2.5872047 2.268819 2.5872047 2.3318111 0 P 0
L 2.5872047 2.268819 2.6127953 2.268819 0 P 0
L 2.5872047 2.3318111 2.6127953 2.3318111 0 P 0
L 2.6127953 2.268819 2.6127953 2.3318111 0 P 0
L 2.6872047 2.268819 2.6872047 2.3318111 0 P 0
L 2.6872047 2.268819 2.7127953 2.268819 0 P 0
L 2.6872047 2.3318111 2.7127953 2.3318111 0 P 0
L 2.7127953 2.268819 2.7127953 2.3318111 0 P 0
L 2.7862047 2.268819 2.7862047 2.3318111 0 P 0
L 2.7862047 2.268819 2.8117953 2.268819 0 P 0
L 2.7862047 2.3318111 2.8117953 2.3318111 0 P 0
L 2.8117953 2.268819 2.8117953 2.3318111 0 P 0
L 3.0002047 0.6088189 3.0002047 0.671811 0 P 0
L 3.0002047 0.6088189 3.0257953 0.6088189 0 P 0
L 3.0002047 0.671811 3.0257953 0.671811 0 P 0
L 3.0002047 0.6875591 3.0002047 0.7505512 0 P 0
L 3.0002047 0.6875591 3.0257953 0.6875591 0 P 0
L 3.0002047 0.7505512 3.0257953 0.7505512 0 P 0
L 3.0257953 0.6088189 3.0257953 0.671811 0 P 0
L 3.0257953 0.6875591 3.0257953 0.7505512 0 P 0
L 3.0838189 0.9172047 3.0838189 0.9427953 0 P 0
L 3.0838189 0.9172047 3.146811 0.9172047 0 P 0
L 3.0838189 0.9427953 3.146811 0.9427953 0 P 0
L 3.0988189 0.7824803 3.0988189 0.8080709 0 P 0
L 3.0988189 0.7824803 3.161811 0.7824803 0 P 0
L 3.0988189 0.8080709 3.161811 0.8080709 0 P 0
L 3.1138189 1.1525594 3.1138189 1.1781498 0 P 0
L 3.1138189 1.1525594 3.1768111 1.1525593 0 P 0
L 3.1138189 1.1781498 3.1768111 1.1781499 0 P 0
L 3.146811 0.9172047 3.146811 0.9427953 0 P 0
L 3.161811 0.7824803 3.161811 0.8080709 0 P 0
L 3.1768111 1.1525593 3.1768111 1.1781499 0 P 0
L 3.3272834 1.3818898 3.3272834 1.4448819 0 P 0
L 3.3272834 1.3818898 3.352874 1.3818898 0 P 0
L 3.3272834 1.4448819 3.352874 1.4448819 0 P 0
L 3.352874 1.3818898 3.352874 1.4448819 0 P 0
L 3.5477559 1.3818898 3.5477559 1.4448819 0 P 0
L 3.5477559 1.3818898 3.5733465 1.3818898 0 P 0
L 3.5477559 1.4448819 3.5733465 1.4448819 0 P 0
L 3.5733465 1.3818898 3.5733465 1.4448819 0 P 0
L 3.6402047 0.5588189 3.6402047 0.621811 0 P 0
L 3.6402047 0.5588189 3.6657953 0.5588189 0 P 0
L 3.6402047 0.621811 3.6657953 0.621811 0 P 0
L 3.6657953 0.5588189 3.6657953 0.621811 0 P 0
L 3.8012988 0.5614169 3.8012988 0.624409 0 P 0
L 3.8012988 0.5614169 3.8268894 0.5614169 0 P 0
L 3.8012988 0.624409 3.8268894 0.624409 0 P 0
L 3.8268894 0.5614169 3.8268894 0.624409 0 P 0
L 3.9115352 1.3120638 3.9115352 1.3750559 0 P 0
L 3.9115352 1.3120638 3.9371258 1.3120638 0 P 0
L 3.9115352 1.3750559 3.9371258 1.3750559 0 P 0
L 3.9371258 1.3120638 3.9371258 1.3750559 0 P 0
L 3.963189 1.0816929 3.963189 1.1072835 0 P 0
L 3.963189 1.0816929 4.0261811 1.0816929 0 P 0
L 3.963189 1.1072835 4.0261811 1.1072835 0 P 0
L 4.0261811 1.0816929 4.0261811 1.1072835 0 P 0
