#Layer_Color=32768
#
#Feature symbol names
#
$0 r3.937
$1 r1.9685

#
#Feature attribute names
#

#
#Layer features
#
L 0.7605511 1.9946221 0.7605511 2.1324174 1 P 0
L 0.7605511 1.9946221 0.9180315 1.9946221 1 P 0
L 0.7605511 2.1324174 0.9180315 2.1324174 1 P 0
L 0.7723621 1.7619449 0.7723621 1.8406851 1 P 0
L 0.7723621 1.7619449 0.8117322 1.7619449 1 P 0
L 0.7723621 1.8406851 0.8117322 1.8406851 1 P 0
L 0.7792519 1.801315 0.8048425 1.801315 1 P 0
L 0.7920472 1.7885197 0.7920472 1.8141102 1 P 0
L 0.8117322 1.7619449 0.8117322 1.8406851 1 P 0
L 0.8196063 2.0635197 0.8589763 2.0635197 0 P 0
L 0.8392913 2.0438347 0.8392913 2.0832048 0 P 0
L 0.8668503 1.7619449 0.8668503 1.8406851 1 P 0
L 0.8668503 1.7619449 0.9062204 1.7619449 1 P 0
L 0.8668503 1.8406851 0.9062204 1.8406851 1 P 0
L 0.8737401 1.801315 0.8993307 1.801315 1 P 0
L 0.8865354 1.7885197 0.8865354 1.8141102 1 P 0
L 0.9062204 1.7619449 0.9062204 1.8406851 1 P 0
L 0.9180315 1.9946221 0.9180315 2.1324174 1 P 0
L 0.9645669 1.4261811 0.9645669 1.6948819 0 P 0
L 0.9645669 1.4261811 1.988189 1.4261811 0 P 0
L 0.9645669 1.6948819 1.988189 1.6948819 0 P 0
L 0.9999213 1.8156929 0.9999213 2.0597874 0 P 0
L 0.9999213 1.8156929 1.1259056 1.8156929 0 P 0
L 0.9999213 2.0597874 1.1259056 2.0597874 0 P 0
L 1.0432284 1.9377402 1.0825985 1.9377402 0 P 0
L 1.0629134 1.9180551 1.0629134 1.9574252 0 P 0
L 1.1003937 1.7482125 1.1003937 1.7875826 1 P 0
L 1.1003937 1.7482125 1.1791339 1.7482125 1 P 0
L 1.1003937 1.7875826 1.1791339 1.7875826 1 P 0
L 1.1259056 1.8156929 1.1259056 2.0597874 0 P 0
L 1.1269686 1.7678976 1.1525591 1.7678976 1 P 0
L 1.1397638 1.7551023 1.1397638 1.7806929 1 P 0
L 1.1791339 1.7482125 1.1791339 1.7875826 1 P 0
L 1.476378 1.5295276 1.476378 1.5688976 0 P 0
L 1.988189 1.4261811 1.988189 1.6948819 0 P 0
L 2.1139369 1.2518268 2.1139369 1.6140315 1 P 0
L 2.1139369 1.2518268 2.64937 1.2518268 1 P 0
L 2.1139369 1.6140315 2.64937 1.6140315 1 P 0
L 2.3619684 1.5264331 2.4013384 1.5264331 0 P 0
L 2.3816534 1.5067481 2.3816534 1.5461181 0 P 0
L 2.4803149 2.2609449 2.4803149 2.3396851 1 P 0
L 2.4803149 2.2609449 2.519685 2.2609449 1 P 0
L 2.4803149 2.3396851 2.519685 2.3396851 1 P 0
L 2.4872047 2.300315 2.5127953 2.300315 1 P 0
L 2.5 2.2875197 2.5 2.3131102 1 P 0
L 2.519685 2.2609449 2.519685 2.3396851 1 P 0
L 2.580315 2.2609449 2.580315 2.3396851 1 P 0
L 2.580315 2.2609449 2.6196851 2.2609449 1 P 0
L 2.580315 2.3396851 2.6196851 2.3396851 1 P 0
L 2.5872047 2.300315 2.6127953 2.300315 1 P 0
L 2.6 2.2875198 2.6 2.3131103 1 P 0
L 2.6196851 2.2609449 2.6196851 2.3396851 1 P 0
L 2.64937 1.2518268 2.64937 1.6140315 1 P 0
L 2.680315 2.2609449 2.680315 2.3396851 1 P 0
L 2.680315 2.2609449 2.7196851 2.2609449 1 P 0
L 2.680315 2.3396851 2.7196851 2.3396851 1 P 0
L 2.6872047 2.300315 2.7127953 2.300315 1 P 0
L 2.7 2.2875198 2.7 2.3131103 1 P 0
L 2.7196851 2.2609449 2.7196851 2.3396851 1 P 0
L 2.779315 2.2609449 2.779315 2.3396851 1 P 0
L 2.779315 2.2609449 2.8186851 2.2609449 1 P 0
L 2.779315 2.3396851 2.8186851 2.3396851 1 P 0
L 2.7862047 2.300315 2.8117953 2.300315 1 P 0
L 2.799 2.2875198 2.799 2.3131103 1 P 0
L 2.8186851 2.2609449 2.8186851 2.3396851 1 P 0
L 2.8922443 0.9600396 2.8922443 1.2228349 0 P 0
L 2.8922443 0.9600396 3.0792521 0.9600396 0 P 0
L 2.8922443 1.2228349 3.0792521 1.2228349 0 P 0
L 2.9660631 1.0929136 3.0054332 1.0929136 0 P 0
L 2.9857482 1.0732286 2.9857482 1.1125987 0 P 0
L 2.9933149 0.6009449 2.9933149 0.6796851 1 P 0
L 2.9933149 0.6009449 3.032685 0.6009449 1 P 0
L 2.9933149 0.6796851 2.9933149 0.7584253 1 P 0
L 2.9933149 0.6796851 3.032685 0.6796851 1 P 0
L 2.9933149 0.6796851 3.032685 0.6796851 1 P 0
L 2.9933149 0.7584253 3.032685 0.7584253 1 P 0
L 3.0002047 0.640315 3.0257953 0.640315 1 P 0
L 3.0002047 0.7190552 3.0257953 0.7190552 1 P 0
L 3.013 0.6275197 3.013 0.6531102 1 P 0
L 3.013 0.7062599 3.013 0.7318504 1 P 0
L 3.032685 0.6009449 3.032685 0.6796851 1 P 0
L 3.032685 0.6796851 3.032685 0.7584253 1 P 0
L 3.0759448 0.9103149 3.0759448 0.949685 1 P 0
L 3.0759448 0.9103149 3.154685 0.9103149 1 P 0
L 3.0759448 0.949685 3.154685 0.949685 1 P 0
L 3.0792521 0.9600396 3.0792521 1.2228349 0 P 0
L 3.0909448 0.7755905 3.0909448 0.8149606 1 P 0
L 3.0909448 0.7755905 3.169685 0.7755905 1 P 0
L 3.0909448 0.8149606 3.169685 0.8149606 1 P 0
L 3.1025197 0.93 3.1281102 0.93 1 P 0
L 3.1059448 1.1456694 3.1059449 1.1850396 1 P 0
L 3.1059448 1.1456694 3.1846851 1.1456695 1 P 0
L 3.1059449 1.1850396 3.184685 1.1850396 1 P 0
L 3.1153149 0.9172047 3.1153149 0.9427953 1 P 0
L 3.1175197 0.7952756 3.1431102 0.7952756 1 P 0
L 3.1303149 0.7824803 3.1303149 0.8080709 1 P 0
L 3.1325198 1.1653546 3.1581103 1.1653546 1 P 0
L 3.1453149 1.1525592 3.145315 1.1781498 1 P 0
L 3.154685 0.9103149 3.154685 0.949685 1 P 0
L 3.169685 0.7755905 3.169685 0.8149606 1 P 0
L 3.184685 1.1850396 3.1846851 1.1456695 1 P 0
L 3.3203936 1.3740158 3.3203936 1.452756 1 P 0
L 3.3203936 1.3740158 3.3597637 1.3740158 1 P 0
L 3.3203936 1.452756 3.3597637 1.452756 1 P 0
L 3.3272834 1.4133859 3.352874 1.4133859 1 P 0
L 3.3400787 1.4005906 3.3400787 1.4261811 1 P 0
L 3.3597637 1.3740158 3.3597637 1.452756 1 P 0
L 3.5408661 1.3740158 3.5408661 1.452756 1 P 0
L 3.5408661 1.3740158 3.5802362 1.3740158 1 P 0
L 3.5408661 1.452756 3.5802362 1.452756 1 P 0
L 3.5477559 1.4133859 3.5733465 1.4133859 1 P 0
L 3.5605512 1.4005906 3.5605512 1.4261811 1 P 0
L 3.5802362 1.3740158 3.5802362 1.452756 1 P 0
L 3.633315 0.5509448 3.633315 0.629685 1 P 0
L 3.633315 0.5509448 3.6726851 0.5509448 1 P 0
L 3.633315 0.629685 3.6726851 0.629685 1 P 0
L 3.6402047 0.5903149 3.6657953 0.5903149 1 P 0
L 3.653 0.5775197 3.653 0.6031102 1 P 0
L 3.6726851 0.5509448 3.6726851 0.629685 1 P 0
L 3.7944091 0.5535428 3.7944091 0.632283 1 P 0
L 3.7944091 0.5535428 3.8337792 0.5535428 1 P 0
L 3.7944091 0.632283 3.8337792 0.632283 1 P 0
L 3.8012988 0.5929129 3.8268894 0.5929129 1 P 0
L 3.8140941 0.5801177 3.8140941 0.6057082 1 P 0
L 3.8337792 0.5535428 3.8337792 0.632283 1 P 0
L 3.9046454 1.3041898 3.9046454 1.38293 1 P 0
L 3.9046454 1.3041898 3.9440155 1.3041898 1 P 0
L 3.9046454 1.38293 3.9440155 1.38293 1 P 0
L 3.9115352 1.3435599 3.9371258 1.3435599 1 P 0
L 3.9243305 1.3307646 3.9243305 1.3563551 1 P 0
L 3.9440155 1.3041898 3.9440155 1.38293 1 P 0
L 3.955315 1.0748032 3.955315 1.1141733 1 P 0
L 3.955315 1.0748032 4.0340552 1.0748032 1 P 0
L 3.955315 1.1141733 4.0340552 1.1141733 1 P 0
L 3.9818898 1.0944882 4.0074803 1.0944882 1 P 0
L 3.9946851 1.0816929 3.9946851 1.1072835 1 P 0
L 4.0340552 1.0748032 4.0340552 1.1141733 1 P 0
L 4.1076692 0.4885512 4.1293227 0.4885512 0 P 0
L 4.118496 0.4777244 4.118496 0.4993779 0 P 0
L 4.1847638 0.4626457 4.2064173 0.4626457 0 P 0
L 4.1955905 0.451819 4.1955905 0.4734725 0 P 0
